0 0.097500 0.752212 0.170000 0.318584
0 0.263750 0.617257 0.102500 0.190265
1 0.302500 0.380531 0.065000 0.106195
0 0.412500 0.515487 0.085000 0.146018
1 0.477500 0.356195 0.035000 0.119469
0 0.548750 0.424779 0.107500 0.212389
0 0.645000 0.422566 0.085000 0.181416
1 0.675000 0.139381 0.045000 0.084071
0 0.866250 0.214602 0.047500 0.075221
0 0.920000 0.183628 0.055000 0.101770
0 0.741250 0.316372 0.047500 0.084071
0 0.783750 0.420354 0.072500 0.141593
0 0.961250 0.440265 0.067500 0.137168
0 0.755000 0.911504 0.135000 0.168142
0 0.443750 0.103982 0.032500 0.057522
1 0.597500 0.137168 0.030000 0.070796
1 0.778750 0.050885 0.032500 0.048673
