0 0.110000 0.589806 0.080000 0.179612
0 0.070000 0.271845 0.065000 0.145631
0 0.138750 0.123786 0.057500 0.150485
0 0.227500 0.516990 0.065000 0.169903
0 0.167500 0.412621 0.055000 0.135922
0 0.335000 0.599515 0.060000 0.199029
0 0.275000 0.939320 0.095000 0.121359
0 0.430000 0.902913 0.110000 0.194175
0 0.422500 0.364078 0.070000 0.174757
0 0.343750 0.247573 0.062500 0.145631
0 0.547500 0.383495 0.060000 0.145631
0 0.581250 0.788835 0.082500 0.160194
0 0.631250 0.589806 0.062500 0.179612
0 0.607500 0.330097 0.065000 0.165049
0 0.665000 0.131068 0.055000 0.135922
1 0.538750 0.097087 0.047500 0.097087
0 0.768750 0.422330 0.057500 0.145631
0 0.810000 0.684466 0.090000 0.203883
0 0.861250 0.655340 0.057500 0.155340
0 0.967500 0.461165 0.070000 0.184466
0 0.928750 0.206311 0.062500 0.150485
0 0.946250 0.060680 0.052500 0.092233
0 0.851250 0.366505 0.067500 0.140777
0 0.976250 0.893204 0.047500 0.213592
