0 0.032500 0.241007 0.055000 0.079137
0 0.088750 0.278777 0.032500 0.053957
0 0.242500 0.228417 0.035000 0.061151
0 0.307500 0.230216 0.050000 0.086331
0 0.346250 0.241007 0.027500 0.050360
0 0.396250 0.278777 0.037500 0.053957
0 0.468750 0.276978 0.037500 0.050360
0 0.568750 0.316547 0.052500 0.071942
0 0.617500 0.219424 0.045000 0.064748
0 0.716250 0.239209 0.032500 0.053957
0 0.753750 0.235612 0.042500 0.068345
0 0.831250 0.329137 0.047500 0.068345
0 0.906250 0.269784 0.042500 0.079137
0 0.425000 0.262590 0.020000 0.035971
