0 0.087500 0.473333 0.045000 0.128889
0 0.285000 0.442222 0.040000 0.102222
0 0.335000 0.502222 0.060000 0.097778
0 0.398750 0.371111 0.042500 0.093333
1 0.447500 0.391111 0.055000 0.106667
0 0.508750 0.504444 0.077500 0.155556
1 0.502500 0.304444 0.045000 0.084444
1 0.582500 0.286667 0.050000 0.102222
1 0.703750 0.344444 0.047500 0.093333
0 0.673750 0.462222 0.047500 0.097778
0 0.745000 0.442222 0.050000 0.120000
0 0.892500 0.360000 0.045000 0.088889
2 0.791250 0.486667 0.067500 0.120000
1 0.958750 0.393333 0.062500 0.102222
1 0.185000 0.362222 0.030000 0.057778
1 0.817500 0.342222 0.030000 0.062222
0 0.931250 0.324444 0.027500 0.053333
