1 0.138750 0.175556 0.067500 0.111111
1 0.345000 0.055556 0.030000 0.066667
1 0.495000 0.075556 0.035000 0.071111
0 0.536250 0.117778 0.052500 0.111111
1 0.385000 0.197778 0.060000 0.093333
0 0.363750 0.353333 0.077500 0.146667
1 0.201250 0.368889 0.062500 0.071111
2 0.123750 0.802222 0.067500 0.120000
2 0.310000 0.480000 0.075000 0.151111
2 0.477500 0.440000 0.110000 0.195556
1 0.628750 0.222222 0.042500 0.080000
0 0.672500 0.257778 0.065000 0.124444
0 0.865000 0.268889 0.095000 0.173333
0 0.716250 0.697778 0.117500 0.222222
