1 0.061250 0.485019 0.092500 0.138577
1 0.088750 0.123596 0.067500 0.097378
0 0.147500 0.091760 0.055000 0.093633
0 0.311250 0.046816 0.057500 0.086142
1 0.230000 0.117978 0.070000 0.108614
1 0.265000 0.284644 0.045000 0.074906
1 0.217500 0.479401 0.085000 0.127341
1 0.158750 0.642322 0.107500 0.108614
0 0.212500 0.878277 0.130000 0.220974
1 0.360000 0.661049 0.140000 0.161049
1 0.326250 0.380150 0.092500 0.123596
1 0.346250 0.138577 0.072500 0.074906
1 0.440000 0.153558 0.065000 0.089888
0 0.501250 0.116105 0.072500 0.097378
0 0.490000 0.352060 0.090000 0.127341
1 0.571250 0.264045 0.062500 0.101124
1 0.631250 0.114232 0.077500 0.116105
1 0.736250 0.110487 0.067500 0.078652
1 0.746250 0.269663 0.062500 0.089888
0 0.682500 0.428839 0.100000 0.153558
1 0.636250 0.666667 0.092500 0.127341
0 0.755000 0.797753 0.100000 0.142322
0 0.830000 0.500000 0.090000 0.138577
1 0.867500 0.147940 0.060000 0.093633
1 0.977500 0.089888 0.050000 0.074906
0 0.926250 0.318352 0.072500 0.097378
