0 0.018750 0.520000 0.022500 0.044444
0 0.077500 0.808889 0.020000 0.035556
0 0.075000 0.497778 0.025000 0.044444
0 0.140000 0.506667 0.025000 0.053333
1 0.120000 0.633333 0.025000 0.048889
1 0.167500 0.715556 0.020000 0.044444
0 0.135000 0.377778 0.025000 0.044444
0 0.186250 0.386667 0.012500 0.044444
1 0.148750 0.273333 0.022500 0.040000
0 0.093750 0.157778 0.017500 0.040000
0 0.275000 0.691111 0.030000 0.057778
0 0.341250 0.900000 0.032500 0.057778
0 0.305000 0.626667 0.025000 0.053333
1 0.300000 0.486667 0.020000 0.040000
0 0.277500 0.417778 0.020000 0.044444
0 0.375000 0.493333 0.020000 0.044444
0 0.395000 0.702222 0.030000 0.053333
0 0.431250 0.817778 0.027500 0.062222
0 0.400000 0.804444 0.030000 0.062222
0 0.483750 0.920000 0.017500 0.044444
0 0.493750 0.660000 0.027500 0.057778
0 0.476250 0.608889 0.032500 0.035556
0 0.453750 0.457778 0.027500 0.044444
0 0.361250 0.377778 0.027500 0.044444
0 0.233750 0.264444 0.022500 0.031111
1 0.222500 0.224444 0.020000 0.040000
1 0.280000 0.275556 0.025000 0.044444
1 0.315000 0.248889 0.020000 0.035556
0 0.383750 0.277778 0.022500 0.040000
0 0.362500 0.211111 0.025000 0.040000
0 0.278750 0.084444 0.017500 0.035556
0 0.315000 0.053333 0.015000 0.035556
0 0.341250 0.168889 0.017500 0.035556
0 0.417500 0.162222 0.020000 0.031111
0 0.256250 0.208889 0.017500 0.035556
0 0.440000 0.380000 0.025000 0.040000
0 0.476250 0.322222 0.022500 0.048889
0 0.508750 0.368889 0.022500 0.044444
0 0.520000 0.486667 0.020000 0.040000
0 0.633750 0.882222 0.032500 0.057778
0 0.677500 0.971111 0.035000 0.057778
0 0.625000 0.575556 0.025000 0.040000
0 0.632500 0.408889 0.025000 0.035556
0 0.563750 0.386667 0.022500 0.044444
0 0.582500 0.351111 0.020000 0.035556
0 0.588750 0.284444 0.017500 0.035556
0 0.532500 0.208889 0.020000 0.035556
0 0.332500 0.020000 0.015000 0.031111
1 0.421250 0.051111 0.012500 0.031111
0 0.452500 0.035556 0.020000 0.035556
0 0.521250 0.080000 0.017500 0.035556
0 0.565000 0.033333 0.015000 0.031111
0 0.653750 0.142222 0.017500 0.035556
1 0.676250 0.115556 0.017500 0.026667
0 0.665000 0.286667 0.020000 0.031111
0 0.702500 0.397778 0.020000 0.040000
0 0.732500 0.617778 0.030000 0.053333
0 0.728750 0.448889 0.022500 0.044444
0 0.752500 0.497778 0.025000 0.044444
0 0.766250 0.422222 0.022500 0.044444
0 0.761250 0.591111 0.022500 0.044444
0 0.710000 0.077778 0.015000 0.031111
0 0.671250 0.020000 0.017500 0.031111
0 0.736250 0.020000 0.012500 0.031111
0 0.771250 0.037778 0.012500 0.031111
1 0.772500 0.082222 0.015000 0.031111
1 0.745000 0.162222 0.015000 0.031111
0 0.812500 0.211111 0.020000 0.040000
0 0.866250 0.117778 0.017500 0.031111
1 0.877500 0.017778 0.015000 0.026667
0 0.911250 0.113333 0.017500 0.031111
0 0.897500 0.186667 0.020000 0.035556
0 0.891250 0.264444 0.022500 0.040000
0 0.858750 0.295556 0.017500 0.040000
0 0.912500 0.313333 0.020000 0.040000
0 0.953750 0.253333 0.012500 0.026667
0 0.925000 0.382222 0.025000 0.044444
0 0.957500 0.460000 0.025000 0.040000
0 0.970000 0.311111 0.020000 0.044444
0 0.860000 0.080000 0.015000 0.026667
0 0.990000 0.680000 0.020000 0.053333
0 0.988750 0.588889 0.022500 0.048889
0 0.941250 0.515556 0.022500 0.035556
