0 0.091250 0.830000 0.062500 0.086667
0 0.221250 0.830000 0.057500 0.086667
0 0.332500 0.858333 0.055000 0.083333
0 0.506250 0.903333 0.067500 0.086667
0 0.796250 0.770000 0.062500 0.073333
0 0.955000 0.838333 0.055000 0.050000
0 0.666250 0.661667 0.057500 0.076667
0 0.851250 0.510000 0.047500 0.060000
0 0.981250 0.571667 0.032500 0.063333
0 0.721250 0.506667 0.037500 0.053333
0 0.545000 0.681667 0.055000 0.070000
0 0.410000 0.648333 0.055000 0.070000
0 0.227500 0.591667 0.030000 0.076667
0 0.190000 0.576667 0.055000 0.080000
0 0.122500 0.573333 0.050000 0.073333
0 0.015000 0.546667 0.025000 0.073333
0 0.022500 0.395000 0.040000 0.043333
0 0.132500 0.393333 0.045000 0.060000
0 0.265000 0.431667 0.040000 0.056667
0 0.345000 0.423333 0.045000 0.060000
0 0.471250 0.483333 0.052500 0.060000
0 0.572500 0.496667 0.050000 0.060000
0 0.966250 0.356667 0.042500 0.060000
0 0.816250 0.320000 0.027500 0.060000
0 0.725000 0.308333 0.040000 0.063333
0 0.652500 0.306667 0.045000 0.046667
0 0.540000 0.253333 0.040000 0.060000
0 0.485000 0.260000 0.035000 0.060000
0 0.375000 0.216667 0.035000 0.060000
0 0.293750 0.233333 0.032500 0.053333
0 0.181250 0.206667 0.032500 0.053333
0 0.087500 0.205000 0.040000 0.063333
0 0.021250 0.195000 0.037500 0.056667
0 0.020000 0.100000 0.030000 0.046667
0 0.118750 0.106667 0.022500 0.046667
0 0.208750 0.143333 0.032500 0.053333
0 0.335000 0.148333 0.030000 0.056667
0 0.486250 0.121667 0.027500 0.056667
0 0.575000 0.153333 0.035000 0.060000
0 0.697500 0.183333 0.035000 0.060000
0 0.790000 0.161667 0.040000 0.063333
0 0.902500 0.195000 0.035000 0.056667
0 0.987500 0.213333 0.025000 0.060000
0 0.817500 0.063333 0.030000 0.046667
0 0.742500 0.071667 0.035000 0.050000
0 0.643750 0.065000 0.032500 0.056667
0 0.600000 0.023333 0.025000 0.040000
0 0.516250 0.060000 0.032500 0.046667
0 0.448750 0.063333 0.032500 0.040000
0 0.381250 0.050000 0.032500 0.046667
0 0.293750 0.033333 0.037500 0.046667
0 0.177500 0.055000 0.025000 0.036667
0 0.112500 0.026667 0.025000 0.046667
