0 0.026250 0.164444 0.042500 0.080000
0 0.085000 0.211111 0.055000 0.102222
1 0.101250 0.362222 0.052500 0.093333
0 0.048750 0.857778 0.077500 0.142222
0 0.262500 0.108889 0.060000 0.084444
0 0.276250 0.386667 0.057500 0.115556
2 0.168750 0.653333 0.057500 0.133333
0 0.126250 0.744444 0.072500 0.137778
0 0.378750 0.915556 0.067500 0.133333
0 0.488750 0.108889 0.067500 0.102222
0 0.501250 0.300000 0.062500 0.111111
0 0.518750 0.697778 0.057500 0.097778
0 0.570000 0.793333 0.075000 0.128889
0 0.662500 0.106667 0.060000 0.097778
0 0.642500 0.380000 0.055000 0.111111
0 0.750000 0.106667 0.070000 0.124444
0 0.826250 0.035556 0.052500 0.062222
0 0.896250 0.202222 0.067500 0.102222
0 0.932500 0.571111 0.075000 0.111111
