1 0.045000 0.722846 0.020000 0.059925
0 0.098750 0.732210 0.042500 0.071161
0 0.176250 0.700375 0.017500 0.044944
0 0.262500 0.756554 0.040000 0.059925
1 0.327500 0.569288 0.025000 0.044944
0 0.355000 0.586142 0.035000 0.048689
2 0.397500 0.599251 0.030000 0.037453
1 0.371250 0.666667 0.032500 0.052434
0 0.323750 0.702247 0.037500 0.048689
0 0.416250 0.677903 0.037500 0.059925
0 0.457500 0.627341 0.035000 0.063670
0 0.550000 0.595506 0.030000 0.044944
0 0.505000 0.702247 0.040000 0.063670
0 0.528750 0.775281 0.042500 0.074906
0 0.601250 0.584270 0.037500 0.059925
1 0.576250 0.964419 0.047500 0.071161
0 0.568750 0.486891 0.027500 0.037453
0 0.513750 0.451311 0.022500 0.041199
0 0.617500 0.492509 0.025000 0.041199
0 0.730000 0.415730 0.025000 0.037453
0 0.788750 0.426966 0.017500 0.029963
0 0.907500 0.503745 0.025000 0.033708
