0 0.111250 0.493363 0.077500 0.190265
0 0.275000 0.320796 0.090000 0.137168
0 0.088750 0.227876 0.047500 0.084071
0 0.328750 0.095133 0.042500 0.084071
0 0.463750 0.331858 0.052500 0.097345
0 0.526250 0.265487 0.037500 0.088496
0 0.625000 0.278761 0.035000 0.097345
0 0.575000 0.460177 0.060000 0.115044
0 0.607500 0.674779 0.060000 0.128319
0 0.766250 0.435841 0.067500 0.101770
0 0.601250 0.057522 0.027500 0.070796
0 0.826250 0.132743 0.037500 0.044248
0 0.960000 0.210177 0.070000 0.137168
0 0.470000 0.110619 0.020000 0.061947
