0 0.047500 0.488479 0.020000 0.046083
0 0.135000 0.550691 0.035000 0.069124
0 0.183750 0.529954 0.057500 0.119816
0 0.231250 0.504608 0.032500 0.069124
0 0.322500 0.679724 0.060000 0.105991
0 0.048750 0.421659 0.012500 0.023041
0 0.095000 0.419355 0.015000 0.027650
0 0.118750 0.428571 0.022500 0.036866
0 0.141250 0.426267 0.017500 0.032258
0 0.297500 0.435484 0.025000 0.050691
0 0.321250 0.453917 0.017500 0.032258
0 0.336250 0.513825 0.027500 0.041475
0 0.360000 0.412442 0.015000 0.032258
0 0.443750 0.476959 0.027500 0.041475
0 0.422500 0.647465 0.030000 0.050691
0 0.497500 0.467742 0.020000 0.059908
0 0.538750 0.502304 0.032500 0.064516
0 0.526250 0.624424 0.042500 0.133641
0 0.466250 0.377880 0.017500 0.036866
0 0.423750 0.382488 0.022500 0.036866
0 0.643750 0.506912 0.042500 0.064516
0 0.578750 0.437788 0.022500 0.036866
0 0.680000 0.370968 0.015000 0.032258
0 0.667500 0.331797 0.015000 0.027650
0 0.780000 0.695853 0.130000 0.248848
0 0.962500 0.419355 0.040000 0.092166
0 0.875000 0.453917 0.025000 0.050691
0 0.076250 0.599078 0.017500 0.036866
0 0.065000 0.414747 0.015000 0.027650
