1 0.151250 0.844444 0.117500 0.213333
1 0.066250 0.591111 0.102500 0.142222
0 0.046250 0.391111 0.082500 0.097778
0 0.142500 0.373333 0.090000 0.168889
0 0.210000 0.348889 0.040000 0.084444
1 0.276250 0.415556 0.092500 0.173333
0 0.346250 0.682222 0.112500 0.191111
0 0.445000 0.651111 0.085000 0.146667
0 0.588750 0.642222 0.132500 0.226667
0 0.498750 0.446667 0.042500 0.146667
1 0.360000 0.364444 0.065000 0.133333
2 0.455000 0.315556 0.070000 0.124444
1 0.583750 0.284444 0.062500 0.115556
1 0.212500 0.186667 0.055000 0.097778
0 0.175000 0.206667 0.035000 0.084444
0 0.123750 0.140000 0.042500 0.075556
0 0.031250 0.211111 0.057500 0.120000
2 0.075000 0.202222 0.035000 0.075556
0 0.196250 0.046667 0.027500 0.048889
0 0.246250 0.122222 0.022500 0.048889
0 0.265000 0.193333 0.045000 0.084444
0 0.412500 0.322222 0.040000 0.102222
0 0.381250 0.217778 0.037500 0.062222
0 0.336250 0.166667 0.037500 0.057778
0 0.378750 0.157778 0.042500 0.057778
0 0.335000 0.057778 0.025000 0.053333
0 0.293750 0.064444 0.012500 0.040000
0 0.396250 0.082222 0.022500 0.048889
0 0.412500 0.117778 0.030000 0.048889
1 0.481250 0.126667 0.037500 0.075556
0 0.513750 0.211111 0.042500 0.093333
0 0.506250 0.282222 0.042500 0.084444
0 0.518750 0.053333 0.012500 0.053333
0 0.580000 0.062222 0.020000 0.044444
0 0.638750 0.044444 0.027500 0.053333
2 0.657500 0.171111 0.045000 0.075556
1 0.627500 0.273333 0.025000 0.093333
0 0.681250 0.380000 0.062500 0.102222
0 0.688750 0.182222 0.027500 0.071111
1 0.700000 0.062222 0.020000 0.044444
0 0.683750 0.526667 0.027500 0.075556
0 0.750000 0.580000 0.080000 0.173333
0 0.818750 0.777778 0.122500 0.248889
0 0.850000 0.284444 0.060000 0.115556
1 0.957500 0.322222 0.025000 0.102222
0 0.897500 0.264444 0.035000 0.102222
0 0.741250 0.362222 0.052500 0.075556
0 0.798750 0.215556 0.047500 0.084444
0 0.782500 0.115556 0.045000 0.088889
2 0.830000 0.091111 0.030000 0.084444
0 0.915000 0.131111 0.020000 0.057778
