0 0.121250 0.614232 0.072500 0.082397
0 0.247500 0.563670 0.060000 0.078652
0 0.313750 0.535581 0.047500 0.074906
0 0.382500 0.825843 0.075000 0.101124
0 0.475000 0.473783 0.065000 0.086142
0 0.770000 0.464419 0.080000 0.104869
0 0.935000 0.535581 0.040000 0.074906
0 0.531250 0.393258 0.037500 0.074906
0 0.625000 0.357678 0.025000 0.063670
0 0.562500 0.264045 0.035000 0.056180
0 0.463750 0.232210 0.027500 0.044944
0 0.162500 0.445693 0.035000 0.067416
2 0.271250 0.370787 0.037500 0.044944
0 0.150000 0.365169 0.025000 0.041199
0 0.356250 0.421348 0.042500 0.056180
0 0.313750 0.262172 0.022500 0.044944
0 0.152500 0.254682 0.025000 0.044944
0 0.210000 0.322097 0.025000 0.037453
0 0.096250 0.344569 0.022500 0.037453
0 0.077500 0.284644 0.020000 0.029963
0 0.225000 0.217228 0.020000 0.029963
