0 0.075000 0.071161 0.025000 0.044944
0 0.150000 0.056180 0.025000 0.037453
0 0.312500 0.088015 0.025000 0.056180
0 0.431250 0.033708 0.027500 0.044944
0 0.068750 0.205993 0.032500 0.052434
0 0.148750 0.172285 0.032500 0.044944
0 0.282500 0.164794 0.030000 0.052434
0 0.305000 0.232210 0.030000 0.044944
0 0.243750 0.310861 0.032500 0.044944
0 0.081250 0.295880 0.037500 0.052434
0 0.037500 0.365169 0.035000 0.056180
0 0.107500 0.415730 0.035000 0.044944
0 0.105000 0.486891 0.030000 0.059925
0 0.166250 0.518727 0.032500 0.056180
0 0.175000 0.601124 0.045000 0.063670
0 0.127500 0.801498 0.045000 0.059925
0 0.152500 0.926966 0.045000 0.071161
0 0.255000 0.874532 0.045000 0.056180
0 0.330000 0.505618 0.040000 0.052434
0 0.350000 0.361423 0.030000 0.048689
0 0.380000 0.822097 0.045000 0.071161
0 0.443750 0.565543 0.037500 0.067416
0 0.503750 0.102996 0.027500 0.033708
0 0.527500 0.161049 0.030000 0.044944
0 0.591250 0.116105 0.027500 0.044944
0 0.565000 0.205993 0.030000 0.044944
0 0.661250 0.194757 0.032500 0.044944
0 0.635000 0.254682 0.035000 0.059925
0 0.600000 0.406367 0.035000 0.056180
0 0.552500 0.496255 0.035000 0.063670
0 0.718750 0.795880 0.042500 0.071161
0 0.772500 0.380150 0.035000 0.063670
0 0.801250 0.550562 0.037500 0.059925
0 0.790000 0.048689 0.030000 0.037453
0 0.816250 0.029963 0.022500 0.044944
1 0.927500 0.065543 0.025000 0.048689
0 0.841250 0.119850 0.032500 0.037453
0 0.958750 0.353933 0.037500 0.041199
0 0.900000 0.496255 0.035000 0.056180
0 0.923750 0.689139 0.032500 0.059925
0 0.955000 0.741573 0.050000 0.052434
