0 0.085000 0.265306 0.045000 0.089796
0 0.167500 0.316327 0.045000 0.085714
0 0.355000 0.300000 0.050000 0.093878
0 0.302500 0.236735 0.030000 0.057143
0 0.371250 0.234694 0.027500 0.044898
0 0.407500 0.281633 0.045000 0.065306
0 0.433750 0.253061 0.017500 0.057143
0 0.456250 0.475510 0.047500 0.085714
0 0.480000 0.273469 0.030000 0.057143
0 0.527500 0.269388 0.030000 0.065306
0 0.561250 0.279592 0.042500 0.077551
0 0.615000 0.306122 0.040000 0.073469
0 0.653750 0.334694 0.047500 0.089796
0 0.715000 0.355102 0.055000 0.097959
0 0.720000 0.214286 0.030000 0.069388
0 0.768750 0.261224 0.042500 0.073469
1 0.810000 0.261224 0.040000 0.057143
0 0.883750 0.238776 0.042500 0.069388
0 0.938750 0.257143 0.047500 0.081633
0 0.841250 0.255102 0.022500 0.044898
