0 0.130000 0.050360 0.015000 0.021583
0 0.090000 0.201439 0.020000 0.028777
1 0.141250 0.291367 0.022500 0.035971
0 0.131250 0.372302 0.027500 0.039568
0 0.178750 0.379496 0.017500 0.039568
0 0.017500 0.483813 0.025000 0.039568
0 0.072500 0.465827 0.025000 0.032374
0 0.132500 0.476619 0.030000 0.039568
1 0.113750 0.573741 0.027500 0.039568
0 0.076250 0.706835 0.027500 0.032374
1 0.161250 0.634892 0.022500 0.039568
0 0.363750 0.019784 0.017500 0.025180
0 0.353750 0.059353 0.022500 0.032374
0 0.317500 0.095324 0.015000 0.025180
0 0.302500 0.122302 0.015000 0.028777
0 0.267500 0.151079 0.020000 0.028777
0 0.246250 0.241007 0.017500 0.021583
1 0.213750 0.251799 0.017500 0.021583
0 0.223750 0.285971 0.017500 0.025180
1 0.267500 0.291367 0.020000 0.028777
0 0.265000 0.404676 0.020000 0.032374
1 0.286250 0.453237 0.017500 0.028777
2 0.291250 0.564748 0.027500 0.043165
0 0.262500 0.615108 0.030000 0.043165
0 0.326250 0.780576 0.032500 0.050360
0 0.246250 0.951439 0.037500 0.053957
0 0.455000 0.019784 0.010000 0.017986
0 0.420000 0.059353 0.015000 0.025180
0 0.393750 0.071942 0.017500 0.021583
1 0.403750 0.120504 0.012500 0.025180
0 0.432500 0.109712 0.020000 0.032374
0 0.326250 0.210432 0.017500 0.025180
0 0.398750 0.208633 0.017500 0.028777
1 0.347500 0.242806 0.020000 0.032374
1 0.301250 0.273381 0.017500 0.028777
0 0.368750 0.296763 0.022500 0.032374
0 0.343750 0.372302 0.022500 0.025180
0 0.455000 0.329137 0.020000 0.032374
0 0.422500 0.374101 0.025000 0.028777
0 0.357500 0.464029 0.020000 0.035971
0 0.433750 0.435252 0.022500 0.035971
0 0.377500 0.625899 0.025000 0.043165
0 0.382500 0.701439 0.025000 0.043165
0 0.411250 0.714029 0.027500 0.046763
0 0.413750 0.940647 0.037500 0.053957
0 0.463750 0.794964 0.017500 0.035971
0 0.471250 0.591727 0.027500 0.039568
0 0.456250 0.550360 0.027500 0.028777
0 0.478750 0.071942 0.012500 0.021583
0 0.546250 0.035971 0.012500 0.021583
0 0.511250 0.080935 0.012500 0.010791
0 0.541250 0.109712 0.017500 0.025180
0 0.575000 0.066547 0.015000 0.025180
0 0.498750 0.143885 0.017500 0.028777
0 0.535000 0.203237 0.010000 0.017986
0 0.508750 0.242806 0.022500 0.025180
0 0.562500 0.302158 0.020000 0.028777
0 0.487500 0.366906 0.020000 0.035971
0 0.557500 0.352518 0.020000 0.028777
0 0.538750 0.379496 0.022500 0.039568
0 0.497500 0.458633 0.020000 0.032374
0 0.630000 0.012590 0.015000 0.017986
0 0.642500 0.091727 0.015000 0.025180
0 0.668750 0.071942 0.012500 0.021583
0 0.695000 0.089928 0.010000 0.021583
0 0.705000 0.095324 0.015000 0.025180
1 0.678750 0.140288 0.012500 0.021583
0 0.737500 0.111511 0.015000 0.028777
1 0.740000 0.145683 0.015000 0.025180
0 0.711250 0.206835 0.017500 0.025180
1 0.646250 0.172662 0.017500 0.021583
2 0.625000 0.190647 0.020000 0.028777
0 0.637500 0.300360 0.020000 0.025180
0 0.606250 0.397482 0.022500 0.032374
0 0.672500 0.388489 0.020000 0.028777
0 0.598750 0.526978 0.027500 0.032374
0 0.606250 0.764388 0.032500 0.046763
0 0.550000 0.874101 0.035000 0.050360
0 0.648750 0.832734 0.032500 0.046763
0 0.768750 0.014388 0.017500 0.021583
0 0.822500 0.079137 0.015000 0.028777
1 0.841250 0.093525 0.012500 0.021583
0 0.823750 0.145683 0.012500 0.025180
0 0.828750 0.174460 0.017500 0.025180
0 0.777500 0.242806 0.020000 0.032374
0 0.821250 0.309353 0.017500 0.028777
0 0.698750 0.428058 0.022500 0.035971
0 0.733750 0.404676 0.022500 0.032374
0 0.720000 0.465827 0.025000 0.032374
0 0.728750 0.541367 0.022500 0.039568
0 0.701250 0.557554 0.027500 0.043165
0 0.760000 0.919065 0.035000 0.053957
0 0.905000 0.980216 0.040000 0.039568
0 0.968750 0.985612 0.037500 0.028777
0 0.911250 0.809353 0.032500 0.043165
0 0.943750 0.787770 0.027500 0.050360
0 0.946250 0.607914 0.027500 0.043165
0 0.946250 0.537770 0.027500 0.039568
0 0.997500 0.492806 0.010000 0.035971
0 0.900000 0.480216 0.020000 0.017986
0 0.916250 0.438849 0.022500 0.035971
0 0.883750 0.377698 0.022500 0.035971
0 0.927500 0.323741 0.020000 0.035971
0 0.873750 0.325540 0.022500 0.032374
0 0.853750 0.285971 0.017500 0.032374
0 0.911250 0.276978 0.012500 0.021583
0 0.857500 0.226619 0.020000 0.028777
0 0.872500 0.170863 0.015000 0.025180
0 0.963750 0.185252 0.012500 0.025180
0 0.985000 0.109712 0.015000 0.025180
0 0.897500 0.075540 0.015000 0.021583
0 0.871250 0.044964 0.012500 0.025180
0 0.932500 0.055755 0.015000 0.017986
1 0.960000 0.032374 0.010000 0.021583
1 0.996250 0.073741 0.012500 0.017986
