0 0.386250 0.468889 0.057500 0.120000
0 0.383750 0.262222 0.077500 0.071111
0 0.647500 0.677778 0.060000 0.155556
0 0.580000 0.533333 0.040000 0.133333
0 0.697500 0.264444 0.025000 0.048889
2 0.266250 0.244444 0.032500 0.053333
1 0.085000 0.240000 0.020000 0.035556
1 0.510000 0.220000 0.025000 0.057778
1 0.755000 0.202222 0.020000 0.057778
1 0.578750 0.400000 0.037500 0.062222
0 0.893750 0.344444 0.027500 0.040000
1 0.936250 0.373333 0.037500 0.071111
1 0.941250 0.495556 0.027500 0.102222
1 0.967500 0.364444 0.030000 0.053333
