1 0.137500 0.442478 0.065000 0.106195
1 0.143750 0.303097 0.057500 0.084071
0 0.217500 0.283186 0.050000 0.070796
1 0.276250 0.345133 0.047500 0.079646
0 0.307500 0.267699 0.045000 0.084071
1 0.236250 0.199115 0.052500 0.097345
0 0.130000 0.626106 0.050000 0.146018
1 0.195000 0.683628 0.075000 0.146018
1 0.265000 0.794248 0.075000 0.154867
0 0.371250 0.871681 0.097500 0.185841
0 0.372500 0.515487 0.065000 0.128319
0 0.371250 0.349558 0.062500 0.088496
1 0.368750 0.179204 0.037500 0.066372
0 0.463750 0.190265 0.042500 0.097345
0 0.445000 0.245575 0.030000 0.084071
0 0.511250 0.188053 0.042500 0.084071
1 0.572500 0.137168 0.040000 0.079646
1 0.621250 0.210177 0.062500 0.110619
0 0.465000 0.451327 0.055000 0.106195
0 0.457500 0.626106 0.065000 0.101770
0 0.563750 0.511062 0.062500 0.128319
1 0.483750 0.800885 0.042500 0.106195
1 0.433750 0.838496 0.042500 0.154867
0 0.617500 0.904867 0.090000 0.163717
0 0.645000 0.561947 0.070000 0.123894
0 0.703750 0.787611 0.052500 0.150442
0 0.680000 0.409292 0.050000 0.092920
0 0.758750 0.528761 0.057500 0.110619
1 0.680000 0.123894 0.050000 0.088496
1 0.677500 0.243363 0.040000 0.061947
1 0.727500 0.152655 0.045000 0.075221
0 0.820000 0.119469 0.035000 0.079646
1 0.762500 0.256637 0.045000 0.079646
0 0.840000 0.508850 0.070000 0.079646
1 0.892500 0.743363 0.080000 0.123894
