0 0.011250 0.355556 0.017500 0.026667
0 0.117500 0.380000 0.020000 0.031111
0 0.036250 0.455556 0.037500 0.066667
0 0.097500 0.544444 0.030000 0.066667
0 0.208750 0.444444 0.052500 0.097778
0 0.231250 0.373333 0.022500 0.053333
0 0.260000 0.344444 0.020000 0.040000
0 0.326250 0.360000 0.012500 0.026667
0 0.301250 0.395556 0.017500 0.035556
0 0.322500 0.475556 0.035000 0.071111
0 0.355000 0.440000 0.020000 0.053333
0 0.401250 0.453333 0.057500 0.097778
0 0.455000 0.631111 0.065000 0.133333
2 0.446250 0.384444 0.012500 0.022222
0 0.597500 0.473333 0.025000 0.066667
0 0.645000 0.408889 0.020000 0.044444
0 0.690000 0.502222 0.035000 0.071111
0 0.850000 0.651111 0.160000 0.306667
0 0.942500 0.744444 0.060000 0.128889
