0 0.055000 0.133333 0.070000 0.133333
0 0.173750 0.153333 0.082500 0.137778
0 0.191250 0.417778 0.087500 0.151111
0 0.106250 0.757778 0.077500 0.137778
0 0.317500 0.464444 0.085000 0.164444
0 0.298750 0.815556 0.077500 0.120000
0 0.518750 0.617778 0.087500 0.177778
0 0.532500 0.904444 0.080000 0.164444
0 0.601250 0.571111 0.077500 0.146667
0 0.736250 0.780000 0.077500 0.164444
0 0.847500 0.322222 0.080000 0.155556
0 0.971250 0.184444 0.057500 0.120000
0 0.967500 0.426667 0.065000 0.151111
0 0.838750 0.626667 0.077500 0.160000
0 0.946250 0.713333 0.092500 0.164444
0 0.816250 0.924444 0.087500 0.151111
