0 0.085000 0.235955 0.045000 0.067416
0 0.188750 0.117978 0.032500 0.048689
0 0.256250 0.284644 0.042500 0.059925
0 0.371250 0.089888 0.032500 0.044944
0 0.415000 0.147940 0.040000 0.063670
0 0.518750 0.357678 0.052500 0.086142
0 0.456250 0.084270 0.037500 0.056180
0 0.520000 0.093633 0.035000 0.052434
0 0.620000 0.267790 0.045000 0.071161
0 0.607500 0.209738 0.035000 0.052434
1 0.422500 0.078652 0.025000 0.029963
1 0.593750 0.102996 0.022500 0.041199
0 0.600000 0.043071 0.025000 0.033708
0 0.666250 0.136704 0.032500 0.041199
1 0.630000 0.026217 0.025000 0.037453
2 0.697500 0.078652 0.025000 0.044944
0 0.750000 0.058052 0.030000 0.048689
0 0.768750 0.061798 0.012500 0.033708
1 0.727500 0.054307 0.020000 0.033708
1 0.882500 0.059925 0.030000 0.037453
0 0.955000 0.101124 0.030000 0.044944
