0 0.047500 0.269076 0.050000 0.096386
0 0.110000 0.248996 0.060000 0.096386
0 0.277500 0.150602 0.045000 0.092369
0 0.240000 0.345382 0.045000 0.104418
0 0.317500 0.303213 0.050000 0.100402
0 0.398750 0.313253 0.057500 0.104418
0 0.448750 0.234940 0.057500 0.092369
0 0.513750 0.287149 0.057500 0.100402
0 0.572500 0.253012 0.060000 0.104418
0 0.695000 0.281124 0.050000 0.088353
0 0.748750 0.289157 0.042500 0.104418
0 0.840000 0.253012 0.065000 0.112450
0 0.945000 0.240964 0.060000 0.104418
0 0.343750 0.200803 0.052500 0.088353
0 0.991250 0.385542 0.022500 0.080321
