0 0.046250 0.593333 0.072500 0.106667
0 0.085000 0.431667 0.035000 0.056667
0 0.118750 0.396667 0.022500 0.040000
0 0.197500 0.431667 0.035000 0.043333
0 0.235000 0.365000 0.025000 0.043333
0 0.172500 0.351667 0.020000 0.030000
0 0.287500 0.533333 0.105000 0.166667
0 0.403750 0.391667 0.022500 0.030000
0 0.290000 0.356667 0.020000 0.026667
0 0.443750 0.456667 0.037500 0.053333
0 0.543750 0.446667 0.057500 0.086667
0 0.492500 0.395000 0.015000 0.030000
0 0.448750 0.386667 0.017500 0.020000
0 0.585000 0.356667 0.025000 0.033333
0 0.702500 0.396667 0.025000 0.026667
0 0.748750 0.446667 0.022500 0.033333
0 0.826250 0.450000 0.047500 0.066667
0 0.892500 0.403333 0.020000 0.033333
0 0.990000 0.468333 0.020000 0.063333
0 0.662500 0.371667 0.010000 0.016667
0 0.702500 0.346667 0.015000 0.020000
0 0.731250 0.365000 0.012500 0.016667
0 0.777500 0.403333 0.020000 0.033333
0 0.962500 0.393333 0.020000 0.033333
0 0.985000 0.373333 0.010000 0.020000
