0 0.083750 0.223451 0.052500 0.092920
0 0.168750 0.280973 0.042500 0.084071
0 0.300000 0.185841 0.030000 0.061947
0 0.352500 0.261062 0.055000 0.106195
0 0.367500 0.185841 0.035000 0.061947
0 0.407500 0.236726 0.040000 0.084071
0 0.450000 0.471239 0.055000 0.092920
0 0.477500 0.230088 0.030000 0.061947
0 0.530000 0.223451 0.030000 0.075221
0 0.563750 0.234513 0.042500 0.088496
0 0.613750 0.265487 0.037500 0.070796
0 0.653750 0.305310 0.047500 0.088496
0 0.712500 0.323009 0.055000 0.097345
0 0.765000 0.212389 0.040000 0.079646
1 0.808750 0.214602 0.037500 0.057522
0 0.883750 0.190265 0.042500 0.088496
0 0.941250 0.214602 0.042500 0.092920
0 0.841250 0.212389 0.022500 0.053097
