0 0.043750 0.951327 0.072500 0.088496
0 0.122500 0.853982 0.070000 0.132743
2 0.167500 0.767699 0.055000 0.119469
1 0.095000 0.480088 0.050000 0.092920
0 0.265000 0.502212 0.050000 0.110619
0 0.261250 0.223451 0.057500 0.092920
0 0.085000 0.327434 0.045000 0.106195
0 0.023750 0.283186 0.032500 0.088496
0 0.563750 0.904867 0.072500 0.128319
0 0.520000 0.809735 0.065000 0.097345
0 0.500000 0.415929 0.060000 0.106195
0 0.483750 0.223451 0.062500 0.092920
0 0.488750 0.068584 0.057500 0.075221
0 0.662500 0.223451 0.055000 0.110619
0 0.642500 0.488938 0.055000 0.101770
0 0.750000 0.221239 0.060000 0.115044
0 0.823750 0.141593 0.057500 0.088496
0 0.896250 0.320796 0.067500 0.101770
0 0.935000 0.683628 0.065000 0.101770
