0 0.051250 0.275862 0.047500 0.068966
0 0.187500 0.252874 0.040000 0.061303
0 0.267500 0.258621 0.035000 0.065134
0 0.410000 0.243295 0.040000 0.065134
0 0.455000 0.233716 0.030000 0.053640
0 0.490000 0.229885 0.030000 0.061303
0 0.523750 0.172414 0.032500 0.038314
0 0.513750 0.283525 0.037500 0.061303
0 0.578750 0.354406 0.057500 0.088123
1 0.675000 0.212644 0.045000 0.072797
0 0.695000 0.375479 0.060000 0.107280
0 0.811250 0.187739 0.037500 0.061303
0 0.803750 0.348659 0.052500 0.068966
0 0.920000 0.455939 0.080000 0.137931
1 0.867500 0.425287 0.035000 0.076628
