0 0.537500 0.425000 0.040000 0.050000
0 0.783750 0.485000 0.037500 0.043333
1 0.877500 0.493333 0.040000 0.046667
1 0.718750 0.448333 0.037500 0.043333
1 0.657500 0.413333 0.035000 0.040000
1 0.471250 0.418333 0.032500 0.050000
1 0.367500 0.410000 0.040000 0.046667
1 0.443750 0.396667 0.032500 0.040000
2 0.201250 0.405000 0.042500 0.050000
2 0.283750 0.405000 0.032500 0.050000
2 0.251250 0.560000 0.032500 0.046667
2 0.617500 0.431667 0.040000 0.050000
0 0.072500 0.441667 0.020000 0.030000
1 0.843750 0.460000 0.022500 0.026667
