0 0.047500 0.593023 0.085000 0.122924
0 0.087500 0.428571 0.040000 0.059801
0 0.123750 0.393688 0.027500 0.043189
0 0.172500 0.350498 0.025000 0.029900
0 0.023750 0.362126 0.022500 0.026578
0 0.198750 0.430233 0.037500 0.043189
0 0.236250 0.362126 0.027500 0.039867
0 0.287500 0.529900 0.115000 0.162791
0 0.292500 0.355482 0.025000 0.026578
0 0.378750 0.368771 0.017500 0.019934
0 0.401250 0.392027 0.027500 0.033223
0 0.443750 0.455150 0.042500 0.059801
0 0.543750 0.445183 0.062500 0.086379
0 0.508750 0.401993 0.022500 0.046512
0 0.446250 0.383721 0.017500 0.023256
0 0.586250 0.353821 0.027500 0.029900
0 0.702500 0.395349 0.025000 0.026578
0 0.701250 0.347176 0.017500 0.023256
0 0.747500 0.441860 0.025000 0.033223
0 0.728750 0.363787 0.017500 0.016611
0 0.777500 0.400332 0.020000 0.029900
0 0.826250 0.446844 0.047500 0.063123
0 0.892500 0.401993 0.025000 0.033223
0 0.988750 0.461794 0.022500 0.066445
0 0.962500 0.388704 0.030000 0.033223
1 0.545000 0.352159 0.015000 0.019934
