0 0.111250 0.565543 0.112500 0.172285
0 0.206250 0.818352 0.122500 0.198502
0 0.317500 0.475655 0.065000 0.104869
0 0.240000 0.479401 0.050000 0.067416
0 0.306250 0.348315 0.047500 0.074906
0 0.420000 0.380150 0.045000 0.093633
0 0.382500 0.346442 0.030000 0.048689
0 0.480000 0.501873 0.070000 0.119850
0 0.623750 0.393258 0.067500 0.119850
0 0.775000 0.350187 0.050000 0.093633
0 0.763750 0.601124 0.092500 0.138577
0 0.861250 0.887640 0.147500 0.202247
0 0.892500 0.380150 0.040000 0.071161
0 0.953750 0.456929 0.047500 0.067416
0 0.961250 0.713483 0.082500 0.213483
0 0.688750 0.421348 0.042500 0.071161
0 0.956250 0.355805 0.037500 0.044944
