0 0.545000 0.586142 0.100000 0.153558
0 0.032500 0.447566 0.020000 0.033708
0 0.128750 0.481273 0.007500 0.033708
0 0.240000 0.471910 0.015000 0.029963
0 0.272500 0.460674 0.020000 0.029963
0 0.377500 0.479401 0.015000 0.037453
1 0.348750 0.449438 0.022500 0.037453
0 0.433750 0.453184 0.017500 0.037453
0 0.495000 0.458801 0.020000 0.041199
0 0.655000 0.468165 0.015000 0.037453
0 0.697500 0.453184 0.010000 0.029963
0 0.738750 0.479401 0.012500 0.029963
0 0.873750 0.337079 0.017500 0.022472
0 0.940000 0.458801 0.010000 0.026217
1 0.888750 0.455056 0.017500 0.033708
0 0.891250 0.398876 0.017500 0.026217
