0 0.085000 0.267699 0.050000 0.092920
0 0.170000 0.323009 0.045000 0.088496
0 0.351250 0.298673 0.057500 0.101770
0 0.406250 0.283186 0.042500 0.088496
0 0.452500 0.513274 0.055000 0.106195
0 0.480000 0.274336 0.030000 0.061947
0 0.528750 0.263274 0.027500 0.084071
0 0.561250 0.276549 0.042500 0.092920
0 0.613750 0.309735 0.037500 0.079646
0 0.651250 0.347345 0.042500 0.092920
0 0.715000 0.369469 0.055000 0.110619
0 0.767500 0.254425 0.035000 0.075221
1 0.808750 0.258850 0.042500 0.057522
0 0.882500 0.232301 0.045000 0.084071
0 0.940000 0.254425 0.050000 0.092920
0 0.368750 0.232301 0.037500 0.066372
0 0.301250 0.230088 0.037500 0.061947
