0 0.033750 0.304444 0.032500 0.084444
0 0.113750 0.280000 0.047500 0.088889
0 0.260000 0.622222 0.035000 0.062222
0 0.306250 0.440000 0.037500 0.080000
0 0.350000 0.364444 0.035000 0.062222
0 0.418750 0.411111 0.042500 0.066667
0 0.466250 0.408889 0.032500 0.053333
0 0.571250 0.380000 0.032500 0.066667
0 0.637500 0.393333 0.035000 0.066667
0 0.722500 0.333333 0.035000 0.062222
1 0.221250 0.340000 0.037500 0.075556
1 0.313750 0.353333 0.027500 0.048889
1 0.532500 0.391111 0.030000 0.071111
1 0.395000 0.371111 0.035000 0.066667
