0 0.042500 0.881633 0.065000 0.114286
0 0.127500 0.785714 0.065000 0.110204
2 0.168750 0.716327 0.052500 0.093878
1 0.096250 0.479592 0.042500 0.069388
0 0.085000 0.355102 0.040000 0.089796
0 0.027500 0.322449 0.035000 0.073469
1 0.082500 0.048980 0.050000 0.081633
0 0.298750 0.077551 0.052500 0.081633
0 0.260000 0.271429 0.055000 0.069388
0 0.265000 0.497959 0.045000 0.089796
0 0.375000 0.926531 0.070000 0.106122
0 0.518750 0.746939 0.062500 0.081633
0 0.566250 0.826531 0.072500 0.102041
0 0.498750 0.430612 0.057500 0.093878
0 0.483750 0.279592 0.062500 0.085714
0 0.491250 0.151020 0.057500 0.073469
0 0.641250 0.493878 0.047500 0.081633
0 0.661250 0.273469 0.052500 0.089796
0 0.746250 0.271429 0.057500 0.093878
0 0.932500 0.644898 0.070000 0.073469
0 0.892500 0.346939 0.060000 0.081633
0 0.822500 0.204082 0.045000 0.073469
0 0.820000 0.091837 0.045000 0.061224
