0 0.120000 0.616105 0.070000 0.086142
0 0.248750 0.563670 0.057500 0.093633
0 0.383750 0.825843 0.072500 0.101124
0 0.313750 0.541199 0.047500 0.071161
0 0.358750 0.419476 0.042500 0.067416
2 0.270000 0.368914 0.035000 0.056180
0 0.162500 0.441948 0.035000 0.067416
0 0.151250 0.363296 0.022500 0.044944
0 0.211250 0.322097 0.022500 0.037453
0 0.472500 0.475655 0.065000 0.089888
0 0.532500 0.395131 0.040000 0.071161
0 0.768750 0.466292 0.082500 0.108614
0 0.933750 0.533708 0.037500 0.086142
0 0.626250 0.359551 0.022500 0.067416
0 0.560000 0.262172 0.035000 0.059925
0 0.465000 0.232210 0.030000 0.044944
0 0.313750 0.260300 0.022500 0.048689
0 0.095000 0.340824 0.020000 0.059925
0 0.075000 0.284644 0.020000 0.044944
0 0.152500 0.250936 0.030000 0.052434
0 0.227500 0.215356 0.020000 0.033708
