1 0.125000 0.304762 0.065000 0.133333
1 0.188750 0.428571 0.062500 0.104762
1 0.193750 0.602381 0.067500 0.138095
1 0.250000 0.276190 0.060000 0.133333
1 0.337500 0.552381 0.075000 0.161905
0 0.447500 0.583333 0.090000 0.195238
1 0.542500 0.309524 0.055000 0.133333
1 0.608750 0.669048 0.082500 0.157143
1 0.622500 0.500000 0.065000 0.133333
0 0.885000 0.645238 0.080000 0.185714
1 0.962500 0.359524 0.055000 0.119048
1 0.695000 0.157143 0.055000 0.104762
1 0.881250 0.207143 0.042500 0.080952
1 0.485000 0.280952 0.055000 0.095238
