0 0.400000 0.255556 0.070000 0.128889
0 0.541250 0.397778 0.057500 0.111111
0 0.291250 0.891111 0.132500 0.217778
0 0.538750 0.935556 0.122500 0.128889
0 0.841250 0.204444 0.057500 0.106667
0 0.647500 0.157778 0.065000 0.102222
0 0.727500 0.162222 0.060000 0.128889
0 0.515000 0.255556 0.065000 0.128889
0 0.530000 0.051111 0.025000 0.075556
0 0.410000 0.091111 0.045000 0.084444
0 0.272500 0.035556 0.030000 0.062222
0 0.160000 0.091111 0.045000 0.075556
0 0.052500 0.126667 0.050000 0.066667
0 0.207500 0.057778 0.030000 0.062222
0 0.790000 0.044444 0.040000 0.080000
1 0.231250 0.124444 0.037500 0.080000
