1 0.022500 0.216667 0.035000 0.060000
1 0.068750 0.188333 0.047500 0.070000
1 0.131250 0.180000 0.032500 0.053333
1 0.136250 0.236667 0.022500 0.073333
1 0.063750 0.393333 0.032500 0.060000
0 0.093750 0.515000 0.057500 0.096667
2 0.147500 0.625000 0.060000 0.103333
1 0.285000 0.955000 0.085000 0.090000
1 0.285000 0.048333 0.030000 0.050000
1 0.297500 0.165000 0.040000 0.070000
1 0.348750 0.206667 0.032500 0.073333
1 0.382500 0.220000 0.030000 0.073333
1 0.263750 0.380000 0.042500 0.066667
0 0.333750 0.538333 0.047500 0.090000
0 0.416250 0.533333 0.042500 0.086667
1 0.498750 0.208333 0.032500 0.056667
1 0.533750 0.210000 0.027500 0.060000
0 0.587500 0.261667 0.030000 0.096667
1 0.675000 0.131667 0.045000 0.090000
1 0.757500 0.161667 0.035000 0.063333
0 0.886250 0.158333 0.052500 0.090000
0 0.872500 0.313333 0.050000 0.113333
1 0.287500 0.053333 0.035000 0.040000
