1 0.048750 0.040000 0.057500 0.073333
0 0.050000 0.350000 0.055000 0.093333
0 0.245000 0.266667 0.060000 0.080000
0 0.283750 0.068333 0.062500 0.090000
1 0.062500 0.473333 0.050000 0.086667
0 0.023750 0.881667 0.042500 0.130000
0 0.097500 0.785000 0.070000 0.116667
2 0.145000 0.715000 0.055000 0.110000
0 0.250000 0.490000 0.055000 0.093333
0 0.493750 0.138333 0.062500 0.076667
0 0.486250 0.270000 0.067500 0.093333
0 0.503750 0.423333 0.062500 0.093333
0 0.367500 0.925000 0.070000 0.110000
0 0.523750 0.750000 0.072500 0.093333
0 0.577500 0.825000 0.075000 0.110000
0 0.662500 0.486667 0.055000 0.086667
0 0.683750 0.265000 0.062500 0.090000
0 0.777500 0.260000 0.060000 0.100000
0 0.857500 0.083333 0.045000 0.073333
0 0.938750 0.341667 0.067500 0.083333
0 0.968750 0.640000 0.062500 0.086667
