0 0.085000 0.317778 0.050000 0.102222
0 0.167500 0.377778 0.045000 0.088889
0 0.352500 0.353333 0.055000 0.111111
0 0.406250 0.328889 0.042500 0.080000
0 0.453750 0.564444 0.052500 0.097778
0 0.527500 0.315556 0.030000 0.080000
0 0.562500 0.326667 0.045000 0.093333
0 0.613750 0.360000 0.042500 0.080000
0 0.651250 0.395556 0.042500 0.088889
0 0.713750 0.417778 0.057500 0.106667
0 0.767500 0.304444 0.035000 0.075556
1 0.808750 0.304444 0.037500 0.066667
0 0.883750 0.284444 0.042500 0.088889
0 0.940000 0.306667 0.050000 0.097778
0 0.300000 0.282222 0.035000 0.075556
0 0.477500 0.326667 0.035000 0.066667
0 0.368750 0.282222 0.037500 0.066667
0 0.840000 0.302222 0.025000 0.053333
