0 0.20500000000000002 0.3425 0.08499999999999999 0.10333399999999998
0 0.24375000000000002 0.7308335000000001 0.06250000000000003 0.06666700000000003
0 0.28812499999999996 0.75 0.03750000000000003 0.07000000000000006
0 0.41874999999999996 0.2895835 0.05499999999999999 0.07583299999999998
0 0.45906250000000004 0.4791665 0.05937500000000001 0.06833300000000003
0 0.7390625 0.178333 0.07062500000000005 0.09500000000000001
0 0.8146875 0.4658335 0.05437500000000006 0.05666700000000002
0 0.8871875 0.47541649999999996 0.06187500000000001 0.08916700000000005
0 0.20500000000000002 0.3425 0.08499999999999999 0.10333399999999998
0 0.24375000000000002 0.7308335000000001 0.06250000000000003 0.06666700000000003
0 0.28812499999999996 0.75 0.03750000000000003 0.07000000000000006
0 0.41874999999999996 0.2895835 0.05499999999999999 0.07583299999999998
0 0.45906250000000004 0.4791665 0.05937500000000001 0.06833300000000003
0 0.7390625 0.178333 0.07062500000000005 0.09500000000000001
0 0.8146875 0.4658335 0.05437500000000006 0.05666700000000002
0 0.8871875 0.47541649999999996 0.06187500000000001 0.08916700000000005
