0 0.5588234999999999 0.2957515 0.14379099999999995 0.107843
0 0.6013075 0.504085 0.15686299999999997 0.10620999999999997
0 0.5988564999999999 0.3888885 0.11274499999999998 0.10784300000000002
0 0.7385619999999999 0.6454245000000001 0.2581699999999999 0.11764699999999995
0 0.6862745 0.3235295 0.12745099999999998 0.065359
0 0.6960785 0.393791 0.09803899999999988 0.08823599999999998
0 0.5588234999999999 0.2957515 0.14379099999999995 0.107843
0 0.6013075 0.504085 0.15686299999999997 0.10620999999999997
0 0.5988564999999999 0.3888885 0.11274499999999998 0.10784300000000002
0 0.7385619999999999 0.6454245000000001 0.2581699999999999 0.11764699999999995
0 0.6862745 0.3235295 0.12745099999999998 0.065359
0 0.6960785 0.393791 0.09803899999999988 0.08823599999999998
