0 0.050781 0.7298179999999999 0.039062 0.058594000000000035
0 0.043945 0.5703125 0.017578000000000003 0.02604099999999998
0 0.0893555 0.735677 0.04199299999999999 0.05989599999999995
0 0.102051 0.9375 0.03808600000000001 0.0625
0 0.1401365 0.5494789999999999 0.07128899999999999 0.05729200000000001
0 0.197266 0.764974 0.03125 0.042968000000000006
0 0.218262 0.4290365 0.020508 0.027343000000000006
0 0.6411134999999999 0.5657549999999999 0.022460999999999953 0.027344000000000035
0 0.6577145 0.5729165000000002 0.008789000000000047 0.01822900000000005
0 0.050781 0.7298179999999999 0.039062 0.058594000000000035
0 0.043945 0.5703125 0.017578000000000003 0.02604099999999998
0 0.0893555 0.735677 0.04199299999999999 0.05989599999999995
0 0.102051 0.9375 0.03808600000000001 0.0625
0 0.1401365 0.5494789999999999 0.07128899999999999 0.05729200000000001
0 0.197266 0.764974 0.03125 0.042968000000000006
0 0.218262 0.4290365 0.020508 0.027343000000000006
0 0.6411134999999999 0.5657549999999999 0.022460999999999953 0.027344000000000035
0 0.6577145 0.5729165000000002 0.008789000000000047 0.01822900000000005
