0 0.2861325 0.44270849999999995 0.16796900000000003 0.29427099999999995
0 0.31445300000000004 0.1764325 0.125 0.23828099999999997
0 0.499512 0.6347655 0.30957 0.24348900000000007
0 0.716797 0.458984 0.22460999999999998 0.22005200000000003
0 0.759277 0.255208 0.08300800000000008 0.1875
0 0.2861325 0.44270849999999995 0.16796900000000003 0.29427099999999995
0 0.31445300000000004 0.1764325 0.125 0.23828099999999997
0 0.499512 0.6347655 0.30957 0.24348900000000007
0 0.716797 0.458984 0.22460999999999998 0.22005200000000003
0 0.759277 0.255208 0.08300800000000008 0.1875
