0 0.122656 0.350781 0.245312 0.30156199999999994
0 0.2367185 0.4820315 0.473437 0.401563
0 0.254688 0.190625 0.325 0.17500000000000002
0 0.6640619999999999 0.56875 0.5625 0.41250000000000003
0 0.53125 0.059375 0.23124999999999996 0.11875
0 0.7390625 0.0859375 0.256251 0.171875
0 0.886719 0.6570315 0.22343799999999991 0.5203129999999999
0 0.940625 0.10234400000000002 0.1156259999999999 0.09218800000000002
0 0.122656 0.350781 0.245312 0.30156199999999994
0 0.2367185 0.4820315 0.473437 0.401563
0 0.254688 0.190625 0.325 0.17500000000000002
0 0.6640619999999999 0.56875 0.5625 0.41250000000000003
0 0.53125 0.059375 0.23124999999999996 0.11875
0 0.7390625 0.0859375 0.256251 0.171875
0 0.886719 0.6570315 0.22343799999999991 0.5203129999999999
0 0.940625 0.10234400000000002 0.1156259999999999 0.09218800000000002
