0 0.18937500000000002 0.4303005 0.04374999999999998 0.06928299999999998
0 0.21125 0.4820535000000001 0.04125000000000001 0.07262099999999999
0 0.2396875 0.42779649999999997 0.05687500000000001 0.074291
0 0.26625 0.5980800000000001 0.05500000000000002 0.08096800000000004
0 0.2765625 0.46243749999999995 0.04812499999999997 0.05008299999999999
0 0.7931250000000001 0.5517529999999999 0.03749999999999998 0.046744000000000015
0 0.18937500000000002 0.4303005 0.04374999999999998 0.06928299999999998
0 0.21125 0.4820535000000001 0.04125000000000001 0.07262099999999999
0 0.2396875 0.42779649999999997 0.05687500000000001 0.074291
0 0.26625 0.5980800000000001 0.05500000000000002 0.08096800000000004
0 0.2765625 0.46243749999999995 0.04812499999999997 0.05008299999999999
0 0.7931250000000001 0.5517529999999999 0.03749999999999998 0.046744000000000015
