0 0.24843749999999998 0.40290800000000004 0.076875 0.10037600000000002
0 0.4303125 0.641182 0.104375 0.18667999999999996
0 0.6915625000000001 0.2800185 0.09187500000000004 0.14540299999999998
0 0.776875 0.31848 0.08374999999999999 0.10787999999999998
0 0.820625 0.2115385 0.09375 0.121013
0 0.24843749999999998 0.40290800000000004 0.076875 0.10037600000000002
0 0.4303125 0.641182 0.104375 0.18667999999999996
0 0.6915625000000001 0.2800185 0.09187500000000004 0.14540299999999998
0 0.776875 0.31848 0.08374999999999999 0.10787999999999998
0 0.820625 0.2115385 0.09375 0.121013
