0 0.04125 0.548125 0.0825 0.13125000000000003
0 0.13468750000000002 0.5659375 0.22687500000000002 0.19187500000000002
0 0.18937500000000002 0.466875 0.17625000000000002 0.15374999999999994
0 0.334375 0.42593749999999997 0.125 0.05812500000000004
0 0.4353125 0.511875 0.20187500000000003 0.17874999999999996
0 0.564375 0.5918749999999999 0.24625000000000002 0.20499999999999996
0 0.5215625 0.4215625 0.09187499999999998 0.104375
0 0.5909375 0.43875 0.17937500000000006 0.10125
0 0.04125 0.548125 0.0825 0.13125000000000003
0 0.13468750000000002 0.5659375 0.22687500000000002 0.19187500000000002
0 0.18937500000000002 0.466875 0.17625000000000002 0.15374999999999994
0 0.334375 0.42593749999999997 0.125 0.05812500000000004
0 0.4353125 0.511875 0.20187500000000003 0.17874999999999996
0 0.564375 0.5918749999999999 0.24625000000000002 0.20499999999999996
0 0.5215625 0.4215625 0.09187499999999998 0.104375
0 0.5909375 0.43875 0.17937500000000006 0.10125
