0 0.1196875 0.327917 0.12687500000000002 0.14249999999999996
0 0.26968749999999997 0.5141665 0.13437499999999997 0.09833299999999995
0 0.4009375 0.69125 0.05812499999999998 0.235834
0 0.4734375 0.8083330000000001 0.15312500000000007 0.265
0 0.7265625 0.4925 0.1343749999999999 0.15833400000000003
0 0.1196875 0.327917 0.12687500000000002 0.14249999999999996
0 0.26968749999999997 0.5141665 0.13437499999999997 0.09833299999999995
0 0.4009375 0.69125 0.05812499999999998 0.235834
0 0.4734375 0.8083330000000001 0.15312500000000007 0.265
0 0.7265625 0.4925 0.1343749999999999 0.15833400000000003
