0 0.157 0.501 0.068 0.08400000000000002
0 0.183 0.3775 0.11599999999999999 0.07099999999999995
0 0.1865 0.6585 0.095 0.06899999999999995
0 0.229 0.49150000000000005 0.08600000000000002 0.09100000000000003
0 0.229 0.7805 0.062 0.08299999999999996
0 0.28500000000000003 0.579 0.09200000000000003 0.061999999999999944
0 0.30300000000000005 0.7110000000000001 0.064 0.10399999999999998
0 0.36150000000000004 0.48650000000000004 0.08500000000000002 0.08500000000000002
0 0.352 0.357 0.062 0.07600000000000001
0 0.36250000000000004 0.61 0.07300000000000001 0.07600000000000007
0 0.444 0.6739999999999999 0.118 0.06599999999999995
0 0.4615 0.32599999999999996 0.09700000000000003 0.07
0 0.47250000000000003 0.79 0.08900000000000002 0.10599999999999998
0 0.482 0.716 0.08400000000000002 0.028000000000000025
0 0.481 0.522 0.064 0.09399999999999997
0 0.548 0.5635 0.08999999999999997 0.06299999999999994
0 0.6299999999999999 0.49150000000000005 0.12 0.08900000000000002
0 0.619 0.358 0.08400000000000007 0.10599999999999998
0 0.636 0.215 0.09400000000000008 0.07200000000000001
0 0.661 0.5755 0.10399999999999998 0.06899999999999995
0 0.7065 0.636 0.08899999999999997 0.08000000000000007
0 0.7265 0.229 0.09699999999999998 0.07
0 0.72 0.6839999999999999 0.06400000000000006 0.07799999999999996
0 0.7665 0.7115 0.06900000000000006 0.08899999999999997
0 0.7745 0.605 0.07100000000000006 0.07600000000000007
0 0.7885 0.5375 0.08299999999999996 0.07699999999999996
0 0.157 0.501 0.068 0.08400000000000002
0 0.183 0.3775 0.11599999999999999 0.07099999999999995
0 0.1865 0.6585 0.095 0.06899999999999995
0 0.229 0.49150000000000005 0.08600000000000002 0.09100000000000003
0 0.229 0.7805 0.062 0.08299999999999996
0 0.28500000000000003 0.579 0.09200000000000003 0.061999999999999944
0 0.30300000000000005 0.7110000000000001 0.064 0.10399999999999998
0 0.36150000000000004 0.48650000000000004 0.08500000000000002 0.08500000000000002
0 0.352 0.357 0.062 0.07600000000000001
0 0.36250000000000004 0.61 0.07300000000000001 0.07600000000000007
0 0.444 0.6739999999999999 0.118 0.06599999999999995
0 0.4615 0.32599999999999996 0.09700000000000003 0.07
0 0.47250000000000003 0.79 0.08900000000000002 0.10599999999999998
0 0.482 0.716 0.08400000000000002 0.028000000000000025
0 0.481 0.522 0.064 0.09399999999999997
0 0.548 0.5635 0.08999999999999997 0.06299999999999994
0 0.6299999999999999 0.49150000000000005 0.12 0.08900000000000002
0 0.619 0.358 0.08400000000000007 0.10599999999999998
0 0.636 0.215 0.09400000000000008 0.07200000000000001
0 0.661 0.5755 0.10399999999999998 0.06899999999999995
0 0.7065 0.636 0.08899999999999997 0.08000000000000007
0 0.7265 0.229 0.09699999999999998 0.07
0 0.72 0.6839999999999999 0.06400000000000006 0.07799999999999996
0 0.7665 0.7115 0.06900000000000006 0.08899999999999997
0 0.7745 0.605 0.07100000000000006 0.07600000000000007
0 0.7885 0.5375 0.08299999999999996 0.07699999999999996
