1 0.09125 0.8937499999999999 0.14625 0.1825
1 0.15781250000000002 0.49249999999999994 0.16562500000000002 0.20666599999999993
1 0.2003125 0.25 0.12937500000000002 0.163334
1 0.2203125 0.6766665 0.12312499999999998 0.15833299999999995
1 0.315 0.4616665 0.11624999999999996 0.15333299999999994
1 0.4134375 0.5754165000000001 0.12937500000000002 0.17416699999999996
1 0.44437499999999996 0.7579170000000001 0.12624999999999997 0.1775000000000001
1 0.57875 0.30916650000000007 0.16749999999999998 0.218333
1 0.5521875 0.52625 0.10687499999999994 0.14583400000000002
1 0.6253124999999999 0.69 0.13187500000000008 0.1683340000000001
1 0.69 0.14208300000000001 0.12374999999999992 0.1675
1 0.71625 0.5508335 0.1150000000000001 0.158333
1 0.7484375 0.841667 0.13812500000000005 0.16499999999999992
1 0.848125 0.48500000000000004 0.14874999999999994 0.16999999999999993
1 0.8921875 0.6716665 0.140625 0.1716669999999999
1 0.09125 0.8937499999999999 0.14625 0.1825
1 0.15781250000000002 0.49249999999999994 0.16562500000000002 0.20666599999999993
1 0.2003125 0.25 0.12937500000000002 0.163334
1 0.2203125 0.6766665 0.12312499999999998 0.15833299999999995
1 0.315 0.4616665 0.11624999999999996 0.15333299999999994
1 0.4134375 0.5754165000000001 0.12937500000000002 0.17416699999999996
1 0.44437499999999996 0.7579170000000001 0.12624999999999997 0.1775000000000001
1 0.57875 0.30916650000000007 0.16749999999999998 0.218333
1 0.5521875 0.52625 0.10687499999999994 0.14583400000000002
1 0.6253124999999999 0.69 0.13187500000000008 0.1683340000000001
1 0.69 0.14208300000000001 0.12374999999999992 0.1675
1 0.71625 0.5508335 0.1150000000000001 0.158333
1 0.7484375 0.841667 0.13812500000000005 0.16499999999999992
1 0.848125 0.48500000000000004 0.14874999999999994 0.16999999999999993
1 0.8921875 0.6716665 0.140625 0.1716669999999999
